(1115, 1115)
  (0, 0)	7.111467339502679
  (1, 1)	7.111467339502679
  (2, 2)	7.111467339502679
  (3, 3)	7.111467339502679
  (4, 4)	6.418320158942733
  (5, 5)	7.111467339502679
  (6, 6)	4.115735065948687
  (7, 7)	6.418320158942733
  (8, 8)	7.111467339502679
  (9, 9)	5.858704371007311
  (10, 10)	7.111467339502679
  (11, 11)	7.111467339502679
  (12, 12)	7.111467339502679
  (13, 13)	6.706002231394514
  (14, 14)	6.706002231394514
  (15, 15)	7.111467339502679
  (16, 16)	7.111467339502679
  (17, 17)	5.858704371007311
  (18, 18)	6.1951766076285235
  (19, 19)	5.239665162601087
  (20, 20)	7.111467339502679
  (21, 21)	7.111467339502679
  (22, 22)	4.6691203041334735
  (23, 23)	7.111467339502679
  (24, 24)	5.239665162601087
  (25, 25)	5.607389942726404
  (26, 26)	7.111467339502679
  (27, 27)	7.111467339502679
  (28, 28)	7.111467339502679
  (29, 29)	7.111467339502679
  (30, 30)	7.111467339502679
  (31, 31)	7.111467339502679
  (32, 32)	6.706002231394514
  (33, 33)	7.111467339502679
  (34, 34)	7.111467339502679
  (35, 35)	7.111467339502679
  (36, 36)	7.111467339502679
  (37, 37)	6.706002231394514
  (38, 38)	7.111467339502679
  (39, 39)	6.706002231394514
  (40, 40)	6.706002231394514
  (41, 41)	7.111467339502679
  (42, 42)	5.319707870274623
  (43, 43)	6.706002231394514
  (44, 44)	5.502029427068578
  (45, 45)	7.111467339502679
  (46, 46)	7.111467339502679
  (47, 47)	6.418320158942733
  (48, 48)	7.111467339502679
  (49, 49)	5.406719247264253
  (50, 50)	6.706002231394514
  (51, 51)	5.502029427068578
  (52, 52)	5.858704371007311
  (53, 53)	7.111467339502679
  (54, 54)	5.607389942726404
  (55, 55)	7.111467339502679
  (56, 56)	7.111467339502679
  (57, 57)	7.111467339502679
  (58, 58)	7.111467339502679
  (59, 59)	7.111467339502679
  (60, 60)	5.502029427068578
  (61, 61)	6.012855050834569
  (62, 62)	5.0965643189604135
  (63, 63)	6.1951766076285235
  (64, 64)	7.111467339502679
  (65, 65)	7.111467339502679
  (66, 66)	6.418320158942733
  (67, 67)	7.111467339502679
  (68, 68)	7.111467339502679
  (69, 69)	7.111467339502679
  (70, 70)	7.111467339502679
  (71, 71)	7.111467339502679
  (72, 72)	6.706002231394514
  (73, 73)	5.319707870274623
  (74, 74)	5.858704371007311
  (75, 75)	5.725172978382788
  (76, 76)	6.1951766076285235
  (77, 77)	6.706002231394514
  (78, 78)	4.626560689714678
  (79, 79)	6.706002231394514
  (80, 80)	7.111467339502679
  (81, 81)	7.111467339502679
  (82, 82)	6.706002231394514
  (83, 83)	7.111467339502679
  (84, 84)	7.111467339502679
  (85, 85)	6.706002231394514
  (86, 86)	4.437318690076149
  (87, 87)	6.418320158942733
  (88, 88)	7.111467339502679
  (89, 89)	6.706002231394514
  (90, 90)	4.546517982041141
  (91, 91)	6.418320158942733
  (92, 92)	7.111467339502679
  (93, 93)	6.418320158942733
  (94, 94)	6.706002231394514
  (95, 95)	7.111467339502679
  (96, 96)	7.111467339502679
  (97, 97)	4.860175540896183
  (98, 98)	7.111467339502679
  (99, 99)	7.111467339502679
  (100, 100)	4.9142427621664595
  (101, 101)	7.111467339502679
  (102, 102)	7.111467339502679
  (103, 103)	7.111467339502679
  (104, 104)	7.111467339502679
  (105, 105)	7.111467339502679
  (106, 106)	7.111467339502679
  (107, 107)	7.111467339502679
  (108, 108)	5.725172978382788
  (109, 109)	7.111467339502679
  (110, 110)	6.706002231394514
  (111, 111)	6.706002231394514
  (112, 112)	7.111467339502679
  (113, 113)	7.111467339502679
  (114, 114)	6.418320158942733
  (115, 115)	7.111467339502679
  (116, 116)	7.111467339502679
  (117, 117)	6.706002231394514
  (118, 118)	7.111467339502679
  (119, 119)	7.111467339502679
  (120, 120)	6.1951766076285235
  (121, 121)	6.1951766076285235
  (122, 122)	6.706002231394514
  (123, 123)	5.858704371007311
  (124, 124)	7.111467339502679
  (125, 125)	6.706002231394514
  (126, 126)	7.111467339502679
  (127, 127)	6.418320158942733
  (128, 128)	7.111467339502679
  (129, 129)	7.111467339502679
  (130, 130)	6.418320158942733
  (131, 131)	7.111467339502679
  (132, 132)	7.111467339502679
  (133, 133)	6.706002231394514
  (134, 134)	7.111467339502679
  (135, 135)	6.1951766076285235
  (136, 136)	7.111467339502679
  (137, 137)	6.706002231394514
  (138, 138)	5.858704371007311
  (139, 139)	7.111467339502679
  (140, 140)	7.111467339502679
  (141, 141)	6.706002231394514
  (142, 142)	7.111467339502679
  (143, 143)	7.111467339502679
  (144, 144)	6.706002231394514
  (145, 145)	7.111467339502679
  (146, 146)	5.406719247264253
  (147, 147)	7.111467339502679
  (148, 148)	6.706002231394514
  (149, 149)	7.111467339502679
  (150, 150)	7.111467339502679
  (151, 151)	7.111467339502679
  (152, 152)	7.111467339502679
  (153, 153)	6.418320158942733
  (154, 154)	6.418320158942733
  (155, 155)	7.111467339502679
  (156, 156)	5.032025797822842
  (157, 157)	6.418320158942733
  (158, 158)	6.418320158942733
  (159, 159)	7.111467339502679
  (160, 160)	4.760092082339201
  (161, 161)	7.111467339502679
  (162, 162)	7.111467339502679
  (163, 163)	5.725172978382788
  (164, 164)	6.012855050834569
  (165, 165)	7.111467339502679
  (166, 166)	6.418320158942733
  (167, 167)	6.706002231394514
  (168, 168)	7.111467339502679
  (169, 169)	7.111467339502679
  (170, 170)	6.706002231394514
  (171, 171)	7.111467339502679
  (172, 172)	7.111467339502679
  (173, 173)	7.111467339502679
  (174, 174)	7.111467339502679
  (175, 175)	7.111467339502679
  (176, 176)	7.111467339502679
  (177, 177)	6.706002231394514
  (178, 178)	7.111467339502679
  (179, 179)	6.1951766076285235
  (180, 180)	6.706002231394514
  (181, 181)	7.111467339502679
  (182, 182)	7.111467339502679
  (183, 183)	7.111467339502679
  (184, 184)	6.012855050834569
  (185, 185)	7.111467339502679
  (186, 186)	7.111467339502679
  (187, 187)	6.706002231394514
  (188, 188)	7.111467339502679
  (189, 189)	7.111467339502679
  (190, 190)	7.111467339502679
  (191, 191)	7.111467339502679
  (192, 192)	6.706002231394514
  (193, 193)	7.111467339502679
  (194, 194)	6.418320158942733
  (195, 195)	7.111467339502679
  (196, 196)	7.111467339502679
  (197, 197)	7.111467339502679
  (198, 198)	6.706002231394514
  (199, 199)	7.111467339502679
  (200, 200)	7.111467339502679
  (201, 201)	7.111467339502679
  (202, 202)	6.706002231394514
  (203, 203)	6.418320158942733
  (204, 204)	7.111467339502679
  (205, 205)	7.111467339502679
  (206, 206)	6.706002231394514
  (207, 207)	6.706002231394514
  (208, 208)	7.111467339502679
  (209, 209)	6.012855050834569
  (210, 210)	7.111467339502679
  (211, 211)	6.1951766076285235
  (212, 212)	7.111467339502679
  (213, 213)	6.1951766076285235
  (214, 214)	7.111467339502679
  (215, 215)	6.706002231394514
  (216, 216)	7.111467339502679
  (217, 217)	7.111467339502679
  (218, 218)	7.111467339502679
  (219, 219)	6.012855050834569
  (220, 220)	6.706002231394514
  (221, 221)	7.111467339502679
  (222, 222)	7.111467339502679
  (223, 223)	7.111467339502679
  (224, 224)	7.111467339502679
  (225, 225)	6.706002231394514
  (226, 226)	6.706002231394514
  (227, 227)	7.111467339502679
  (228, 228)	7.111467339502679
  (229, 229)	7.111467339502679
  (230, 230)	6.418320158942733
  (231, 231)	7.111467339502679
  (232, 232)	6.1951766076285235
  (233, 233)	7.111467339502679
  (234, 234)	7.111467339502679
  (235, 235)	7.111467339502679
  (236, 236)	6.418320158942733
  (237, 237)	6.706002231394514
  (238, 238)	7.111467339502679
  (239, 239)	6.706002231394514
  (240, 240)	6.418320158942733
  (241, 241)	7.111467339502679
  (242, 242)	7.111467339502679
  (243, 243)	7.111467339502679
  (244, 244)	6.706002231394514
  (245, 245)	7.111467339502679
  (246, 246)	6.012855050834569
  (247, 247)	6.706002231394514
  (248, 248)	7.111467339502679
  (249, 249)	6.706002231394514
  (250, 250)	6.012855050834569
  (251, 251)	5.725172978382788
  (252, 252)	7.111467339502679
  (253, 253)	6.706002231394514
  (254, 254)	7.111467339502679
  (255, 255)	6.706002231394514
  (256, 256)	7.111467339502679
  (257, 257)	6.706002231394514
  (258, 258)	7.111467339502679
  (259, 259)	6.418320158942733
  (260, 260)	6.1951766076285235
  (261, 261)	7.111467339502679
  (262, 262)	6.012855050834569
  (263, 263)	7.111467339502679
  (264, 264)	7.111467339502679
  (265, 265)	5.725172978382788
  (266, 266)	6.012855050834569
  (267, 267)	6.012855050834569
  (268, 268)	6.418320158942733
  (269, 269)	6.1951766076285235
  (270, 270)	6.1951766076285235
  (271, 271)	4.713572066704308
  (272, 272)	7.111467339502679
  (273, 273)	7.111467339502679
  (274, 274)	7.111467339502679
  (275, 275)	6.1951766076285235
  (276, 276)	7.111467339502679
  (277, 277)	7.111467339502679
  (278, 278)	4.043414404369061
  (279, 279)	7.111467339502679
  (280, 280)	6.706002231394514
  (281, 281)	6.706002231394514
  (282, 282)	7.111467339502679
  (283, 283)	7.111467339502679
  (284, 284)	6.706002231394514
  (285, 285)	6.418320158942733
  (286, 286)	5.0965643189604135
  (287, 287)	6.706002231394514
  (288, 288)	7.111467339502679
  (289, 289)	6.706002231394514
  (290, 290)	6.1951766076285235
  (291, 291)	7.111467339502679
  (292, 292)	6.1951766076285235
  (293, 293)	7.111467339502679
  (294, 294)	6.418320158942733
  (295, 295)	5.725172978382788
  (296, 296)	5.725172978382788
  (297, 297)	7.111467339502679
  (298, 298)	7.111467339502679
  (299, 299)	7.111467339502679
  (300, 300)	6.706002231394514
  (301, 301)	5.406719247264253
  (302, 302)	6.418320158942733
  (303, 303)	4.508777654058294
  (304, 304)	7.111467339502679
  (305, 305)	7.111467339502679
  (306, 306)	6.706002231394514
  (307, 307)	7.111467339502679
  (308, 308)	7.111467339502679
  (309, 309)	7.111467339502679
  (310, 310)	7.111467339502679
  (311, 311)	7.111467339502679
  (312, 312)	6.706002231394514
  (313, 313)	6.706002231394514
  (314, 314)	7.111467339502679
  (315, 315)	6.418320158942733
  (316, 316)	6.706002231394514
  (317, 317)	7.111467339502679
  (318, 318)	7.111467339502679
  (319, 319)	6.706002231394514
  (320, 320)	7.111467339502679
  (321, 321)	7.111467339502679
  (322, 322)	7.111467339502679
  (323, 323)	6.706002231394514
  (324, 324)	6.706002231394514
  (325, 325)	7.111467339502679
  (326, 326)	6.706002231394514
  (327, 327)	7.111467339502679
  (328, 328)	6.418320158942733
  (329, 329)	7.111467339502679
  (330, 330)	7.111467339502679
  (331, 331)	6.418320158942733
  (332, 332)	6.706002231394514
  (333, 333)	6.706002231394514
  (334, 334)	6.706002231394514
  (335, 335)	6.706002231394514
  (336, 336)	5.239665162601087
  (337, 337)	7.111467339502679
  (338, 338)	6.418320158942733
  (339, 339)	7.111467339502679
  (340, 340)	7.111467339502679
  (341, 341)	6.418320158942733
  (342, 342)	5.239665162601087
  (343, 343)	6.418320158942733
  (344, 344)	7.111467339502679
  (345, 345)	6.706002231394514
  (346, 346)	4.141052873932978
  (347, 347)	7.111467339502679
  (348, 348)	7.111467339502679
  (349, 349)	7.111467339502679
  (350, 350)	6.706002231394514
  (351, 351)	7.111467339502679
  (352, 352)	7.111467339502679
  (353, 353)	7.111467339502679
  (354, 354)	7.111467339502679
  (355, 355)	7.111467339502679
  (356, 356)	7.111467339502679
  (357, 357)	7.111467339502679
  (358, 358)	7.111467339502679
  (359, 359)	6.706002231394514
  (360, 360)	7.111467339502679
  (361, 361)	7.111467339502679
  (362, 362)	7.111467339502679
  (363, 363)	7.111467339502679
  (364, 364)	7.111467339502679
  (365, 365)	7.111467339502679
  (366, 366)	5.858704371007311
  (367, 367)	7.111467339502679
  (368, 368)	7.111467339502679
  (369, 369)	7.111467339502679
  (370, 370)	7.111467339502679
  (371, 371)	7.111467339502679
  (372, 372)	7.111467339502679
  (373, 373)	7.111467339502679
  (374, 374)	7.111467339502679
  (375, 375)	4.860175540896183
  (376, 376)	7.111467339502679
  (377, 377)	6.418320158942733
  (378, 378)	7.111467339502679
  (379, 379)	7.111467339502679
  (380, 380)	6.1951766076285235
  (381, 381)	5.725172978382788
  (382, 382)	6.706002231394514
  (383, 383)	7.111467339502679
  (384, 384)	7.111467339502679
  (385, 385)	7.111467339502679
  (386, 386)	7.111467339502679
  (387, 387)	6.1951766076285235
  (388, 388)	7.111467339502679
  (389, 389)	7.111467339502679
  (390, 390)	6.706002231394514
  (391, 391)	6.418320158942733
  (392, 392)	7.111467339502679
  (393, 393)	7.111467339502679
  (394, 394)	7.111467339502679
  (395, 395)	7.111467339502679
  (396, 396)	4.2782539954464625
  (397, 397)	7.111467339502679
  (398, 398)	7.111467339502679
  (399, 399)	7.111467339502679
  (400, 400)	6.706002231394514
  (401, 401)	6.418320158942733
  (402, 402)	7.111467339502679
  (403, 403)	6.1951766076285235
  (404, 404)	7.111467339502679
  (405, 405)	5.502029427068578
  (406, 406)	7.111467339502679
  (407, 407)	7.111467339502679
  (408, 408)	4.221095581606514
  (409, 409)	7.111467339502679
  (410, 410)	7.111467339502679
  (411, 411)	7.111467339502679
  (412, 412)	7.111467339502679
  (413, 413)	5.239665162601087
  (414, 414)	7.111467339502679
  (415, 415)	6.1951766076285235
  (416, 416)	6.706002231394514
  (417, 417)	7.111467339502679
  (418, 418)	7.111467339502679
  (419, 419)	5.725172978382788
  (420, 420)	7.111467339502679
  (421, 421)	7.111467339502679
  (422, 422)	7.111467339502679
  (423, 423)	6.1951766076285235
  (424, 424)	7.111467339502679
  (425, 425)	6.1951766076285235
  (426, 426)	6.706002231394514
  (427, 427)	6.418320158942733
  (428, 428)	6.418320158942733
  (429, 429)	6.706002231394514
  (430, 430)	5.165557190447365
  (431, 431)	6.706002231394514
  (432, 432)	6.1951766076285235
  (433, 433)	7.111467339502679
  (434, 434)	6.1951766076285235
  (435, 435)	7.111467339502679
  (436, 436)	7.111467339502679
  (437, 437)	5.858704371007311
  (438, 438)	7.111467339502679
  (439, 439)	6.706002231394514
  (440, 440)	6.418320158942733
  (441, 441)	7.111467339502679
  (442, 442)	5.319707870274623
  (443, 443)	7.111467339502679
  (444, 444)	7.111467339502679
  (445, 445)	6.706002231394514
  (446, 446)	7.111467339502679
  (447, 447)	6.418320158942733
  (448, 448)	7.111467339502679
  (449, 449)	7.111467339502679
  (450, 450)	7.111467339502679
  (451, 451)	7.111467339502679
  (452, 452)	5.165557190447365
  (453, 453)	7.111467339502679
  (454, 454)	6.418320158942733
  (455, 455)	6.706002231394514
  (456, 456)	7.111467339502679
  (457, 457)	7.111467339502679
  (458, 458)	7.111467339502679
  (459, 459)	7.111467339502679
  (460, 460)	6.012855050834569
  (461, 461)	7.111467339502679
  (462, 462)	7.111467339502679
  (463, 463)	4.808882246508633
  (464, 464)	5.319707870274623
  (465, 465)	7.111467339502679
  (466, 466)	7.111467339502679
  (467, 467)	6.706002231394514
  (468, 468)	6.1951766076285235
  (469, 469)	7.111467339502679
  (470, 470)	7.111467339502679
  (471, 471)	6.706002231394514
  (472, 472)	5.725172978382788
  (473, 473)	6.418320158942733
  (474, 474)	5.607389942726404
  (475, 475)	7.111467339502679
  (476, 476)	7.111467339502679
  (477, 477)	6.418320158942733
  (478, 478)	6.1951766076285235
  (479, 479)	7.111467339502679
  (480, 480)	5.858704371007311
  (481, 481)	5.858704371007311
  (482, 482)	7.111467339502679
  (483, 483)	7.111467339502679
  (484, 484)	6.706002231394514
  (485, 485)	7.111467339502679
  (486, 486)	6.1951766076285235
  (487, 487)	7.111467339502679
  (488, 488)	7.111467339502679
  (489, 489)	7.111467339502679
  (490, 490)	6.706002231394514
  (491, 491)	6.706002231394514
  (492, 492)	7.111467339502679
  (493, 493)	7.111467339502679
  (494, 494)	4.971401176006408
  (495, 495)	7.111467339502679
  (496, 496)	6.706002231394514
  (497, 497)	6.1951766076285235
  (498, 498)	6.1951766076285235
  (499, 499)	6.012855050834569
  (500, 500)	6.706002231394514
  (501, 501)	6.706002231394514
  (502, 502)	7.111467339502679
  (503, 503)	6.1951766076285235
  (504, 504)	7.111467339502679
  (505, 505)	7.111467339502679
  (506, 506)	7.111467339502679
  (507, 507)	7.111467339502679
  (508, 508)	7.111467339502679
  (509, 509)	7.111467339502679
  (510, 510)	4.508777654058294
  (511, 511)	7.111467339502679
  (512, 512)	3.6937406558893127
  (513, 513)	6.706002231394514
  (514, 514)	5.725172978382788
  (515, 515)	6.418320158942733
  (516, 516)	7.111467339502679
  (517, 517)	7.111467339502679
  (518, 518)	6.706002231394514
  (519, 519)	7.111467339502679
  (520, 520)	7.111467339502679
  (521, 521)	7.111467339502679
  (522, 522)	7.111467339502679
  (523, 523)	6.012855050834569
  (524, 524)	7.111467339502679
  (525, 525)	6.418320158942733
  (526, 526)	4.713572066704308
  (527, 527)	5.032025797822842
  (528, 528)	6.418320158942733
  (529, 529)	6.012855050834569
  (530, 530)	7.111467339502679
  (531, 531)	7.111467339502679
  (532, 532)	7.111467339502679
  (533, 533)	7.111467339502679
  (534, 534)	6.706002231394514
  (535, 535)	7.111467339502679
  (536, 536)	7.111467339502679
  (537, 537)	6.706002231394514
  (538, 538)	6.706002231394514
  (539, 539)	6.706002231394514
  (540, 540)	6.706002231394514
  (541, 541)	7.111467339502679
  (542, 542)	7.111467339502679
  (543, 543)	7.111467339502679
  (544, 544)	7.111467339502679
  (545, 545)	5.725172978382788
  (546, 546)	7.111467339502679
  (547, 547)	7.111467339502679
  (548, 548)	7.111467339502679
  (549, 549)	7.111467339502679
  (550, 550)	7.111467339502679
  (551, 551)	6.706002231394514
  (552, 552)	6.418320158942733
  (553, 553)	7.111467339502679
  (554, 554)	7.111467339502679
  (555, 555)	5.725172978382788
  (556, 556)	7.111467339502679
  (557, 557)	6.1951766076285235
  (558, 558)	6.1951766076285235
  (559, 559)	7.111467339502679
  (560, 560)	6.012855050834569
  (561, 561)	7.111467339502679
  (562, 562)	6.706002231394514
  (563, 563)	6.706002231394514
  (564, 564)	6.706002231394514
  (565, 565)	7.111467339502679
  (566, 566)	6.706002231394514
  (567, 567)	6.418320158942733
  (568, 568)	4.508777654058294
  (569, 569)	7.111467339502679
  (570, 570)	7.111467339502679
  (571, 571)	6.706002231394514
  (572, 572)	7.111467339502679
  (573, 573)	6.1951766076285235
  (574, 574)	7.111467339502679
  (575, 575)	6.706002231394514
  (576, 576)	7.111467339502679
  (577, 577)	7.111467339502679
  (578, 578)	7.111467339502679
  (579, 579)	7.111467339502679
  (580, 580)	4.2782539954464625
  (581, 581)	6.012855050834569
  (582, 582)	7.111467339502679
  (583, 583)	6.706002231394514
  (584, 584)	7.111467339502679
  (585, 585)	7.111467339502679
  (586, 586)	6.706002231394514
  (587, 587)	7.111467339502679
  (588, 588)	7.111467339502679
  (589, 589)	6.706002231394514
  (590, 590)	7.111467339502679
  (591, 591)	7.111467339502679
  (592, 592)	7.111467339502679
  (593, 593)	5.858704371007311
  (594, 594)	6.012855050834569
  (595, 595)	7.111467339502679
  (596, 596)	6.706002231394514
  (597, 597)	7.111467339502679
  (598, 598)	6.706002231394514
  (599, 599)	7.111467339502679
  (600, 600)	7.111467339502679
  (601, 601)	7.111467339502679
  (602, 602)	5.858704371007311
  (603, 603)	5.406719247264253
  (604, 604)	5.607389942726404
  (605, 605)	7.111467339502679
  (606, 606)	6.418320158942733
  (607, 607)	6.706002231394514
  (608, 608)	5.858704371007311
  (609, 609)	6.012855050834569
  (610, 610)	5.502029427068578
  (611, 611)	5.858704371007311
  (612, 612)	6.706002231394514
  (613, 613)	7.111467339502679
  (614, 614)	7.111467339502679
  (615, 615)	7.111467339502679
  (616, 616)	7.111467339502679
  (617, 617)	6.706002231394514
  (618, 618)	7.111467339502679
  (619, 619)	7.111467339502679
  (620, 620)	6.706002231394514
  (621, 621)	5.858704371007311
  (622, 622)	6.706002231394514
  (623, 623)	7.111467339502679
  (624, 624)	7.111467339502679
  (625, 625)	7.111467339502679
  (626, 626)	7.111467339502679
  (627, 627)	6.706002231394514
  (628, 628)	7.111467339502679
  (629, 629)	7.111467339502679
  (630, 630)	5.858704371007311
  (631, 631)	3.933413509154733
  (632, 632)	6.706002231394514
  (633, 633)	7.111467339502679
  (634, 634)	5.858704371007311
  (635, 635)	6.418320158942733
  (636, 636)	7.111467339502679
  (637, 637)	7.111467339502679
  (638, 638)	6.706002231394514
  (639, 639)	7.111467339502679
  (640, 640)	5.032025797822842
  (641, 641)	7.111467339502679
  (642, 642)	7.111467339502679
  (643, 643)	5.502029427068578
  (644, 644)	7.111467339502679
  (645, 645)	6.1951766076285235
  (646, 646)	7.111467339502679
  (647, 647)	7.111467339502679
  (648, 648)	6.418320158942733
  (649, 649)	7.111467339502679
  (650, 650)	7.111467339502679
  (651, 651)	6.706002231394514
  (652, 652)	6.706002231394514
  (653, 653)	4.437318690076149
  (654, 654)	7.111467339502679
  (655, 655)	7.111467339502679
  (656, 656)	7.111467339502679
  (657, 657)	7.111467339502679
  (658, 658)	7.111467339502679
  (659, 659)	7.111467339502679
  (660, 660)	5.406719247264253
  (661, 661)	7.111467339502679
  (662, 662)	7.111467339502679
  (663, 663)	7.111467339502679
  (664, 664)	7.111467339502679
  (665, 665)	6.706002231394514
  (666, 666)	6.706002231394514
  (667, 667)	7.111467339502679
  (668, 668)	7.111467339502679
  (669, 669)	6.706002231394514
  (670, 670)	7.111467339502679
  (671, 671)	7.111467339502679
  (672, 672)	6.706002231394514
  (673, 673)	7.111467339502679
  (674, 674)	7.111467339502679
  (675, 675)	6.012855050834569
  (676, 676)	6.706002231394514
  (677, 677)	7.111467339502679
  (678, 678)	6.418320158942733
  (679, 679)	7.111467339502679
  (680, 680)	7.111467339502679
  (681, 681)	7.111467339502679
  (682, 682)	6.706002231394514
  (683, 683)	6.706002231394514
  (684, 684)	6.706002231394514
  (685, 685)	7.111467339502679
  (686, 686)	7.111467339502679
  (687, 687)	4.437318690076149
  (688, 688)	5.858704371007311
  (689, 689)	6.1951766076285235
  (690, 690)	6.418320158942733
  (691, 691)	6.012855050834569
  (692, 692)	7.111467339502679
  (693, 693)	4.308106958596143
  (694, 694)	4.971401176006408
  (695, 695)	6.418320158942733
  (696, 696)	5.165557190447365
  (697, 697)	7.111467339502679
  (698, 698)	7.111467339502679
  (699, 699)	7.111467339502679
  (700, 700)	6.706002231394514
  (701, 701)	5.607389942726404
  (702, 702)	6.706002231394514
  (703, 703)	7.111467339502679
  (704, 704)	7.111467339502679
  (705, 705)	7.111467339502679
  (706, 706)	7.111467339502679
  (707, 707)	6.706002231394514
  (708, 708)	6.706002231394514
  (709, 709)	7.111467339502679
  (710, 710)	5.502029427068578
  (711, 711)	7.111467339502679
  (712, 712)	7.111467339502679
  (713, 713)	7.111467339502679
  (714, 714)	6.418320158942733
  (715, 715)	6.706002231394514
  (716, 716)	7.111467339502679
  (717, 717)	5.032025797822842
  (718, 718)	6.418320158942733
  (719, 719)	6.706002231394514
  (720, 720)	6.706002231394514
  (721, 721)	6.418320158942733
  (722, 722)	7.111467339502679
  (723, 723)	7.111467339502679
  (724, 724)	7.111467339502679
  (725, 725)	6.418320158942733
  (726, 726)	5.165557190447365
  (727, 727)	7.111467339502679
  (728, 728)	6.418320158942733
  (729, 729)	7.111467339502679
  (730, 730)	6.012855050834569
  (731, 731)	7.111467339502679
  (732, 732)	7.111467339502679
  (733, 733)	6.706002231394514
  (734, 734)	7.111467339502679
  (735, 735)	6.706002231394514
  (736, 736)	7.111467339502679
  (737, 737)	6.706002231394514
  (738, 738)	7.111467339502679
  (739, 739)	7.111467339502679
  (740, 740)	7.111467339502679
  (741, 741)	7.111467339502679
  (742, 742)	7.111467339502679
  (743, 743)	7.111467339502679
  (744, 744)	6.706002231394514
  (745, 745)	7.111467339502679
  (746, 746)	7.111467339502679
  (747, 747)	7.111467339502679
  (748, 748)	7.111467339502679
  (749, 749)	7.111467339502679
  (750, 750)	6.706002231394514
  (751, 751)	6.706002231394514
  (752, 752)	7.111467339502679
  (753, 753)	5.502029427068578
  (754, 754)	6.1951766076285235
  (755, 755)	7.111467339502679
  (756, 756)	4.370627315577478
  (757, 757)	6.706002231394514
  (758, 758)	7.111467339502679
  (759, 759)	7.111467339502679
  (760, 760)	4.24926645857321
  (761, 761)	7.111467339502679
  (762, 762)	4.47241000988742
  (763, 763)	7.111467339502679
  (764, 764)	6.418320158942733
  (765, 765)	6.418320158942733
  (766, 766)	6.706002231394514
  (767, 767)	7.111467339502679
  (768, 768)	6.1951766076285235
  (769, 769)	6.706002231394514
  (770, 770)	5.858704371007311
  (771, 771)	7.111467339502679
  (772, 772)	6.706002231394514
  (773, 773)	7.111467339502679
  (774, 774)	6.418320158942733
  (775, 775)	7.111467339502679
  (776, 776)	5.319707870274623
  (777, 777)	5.858704371007311
  (778, 778)	7.111467339502679
  (779, 779)	6.1951766076285235
  (780, 780)	7.111467339502679
  (781, 781)	6.706002231394514
  (782, 782)	7.111467339502679
  (783, 783)	7.111467339502679
  (784, 784)	6.706002231394514
  (785, 785)	7.111467339502679
  (786, 786)	6.012855050834569
  (787, 787)	6.418320158942733
  (788, 788)	6.706002231394514
  (789, 789)	6.012855050834569
  (790, 790)	7.111467339502679
  (791, 791)	7.111467339502679
  (792, 792)	5.725172978382788
  (793, 793)	7.111467339502679
  (794, 794)	7.111467339502679
  (795, 795)	6.706002231394514
  (796, 796)	7.111467339502679
  (797, 797)	7.111467339502679
  (798, 798)	6.706002231394514
  (799, 799)	7.111467339502679
  (800, 800)	7.111467339502679
  (801, 801)	4.713572066704308
  (802, 802)	7.111467339502679
  (803, 803)	6.706002231394514
  (804, 804)	7.111467339502679
  (805, 805)	7.111467339502679
  (806, 806)	7.111467339502679
  (807, 807)	5.725172978382788
  (808, 808)	6.418320158942733
  (809, 809)	6.418320158942733
  (810, 810)	7.111467339502679
  (811, 811)	7.111467339502679
  (812, 812)	7.111467339502679
  (813, 813)	4.760092082339201
  (814, 814)	5.725172978382788
  (815, 815)	7.111467339502679
  (816, 816)	6.706002231394514
  (817, 817)	6.706002231394514
  (818, 818)	7.111467339502679
  (819, 819)	6.706002231394514
  (820, 820)	6.706002231394514
  (821, 821)	6.012855050834569
  (822, 822)	6.706002231394514
  (823, 823)	7.111467339502679
  (824, 824)	7.111467339502679
  (825, 825)	7.111467339502679
  (826, 826)	7.111467339502679
  (827, 827)	7.111467339502679
  (828, 828)	7.111467339502679
  (829, 829)	7.111467339502679
  (830, 830)	6.706002231394514
  (831, 831)	5.319707870274623
  (832, 832)	7.111467339502679
  (833, 833)	7.111467339502679
  (834, 834)	6.706002231394514
  (835, 835)	7.111467339502679
  (836, 836)	7.111467339502679
  (837, 837)	6.706002231394514
  (838, 838)	7.111467339502679
  (839, 839)	7.111467339502679
  (840, 840)	5.502029427068578
  (841, 841)	6.012855050834569
  (842, 842)	5.406719247264253
  (843, 843)	4.626560689714678
  (844, 844)	7.111467339502679
  (845, 845)	7.111467339502679
  (846, 846)	6.1951766076285235
  (847, 847)	6.706002231394514
  (848, 848)	6.012855050834569
  (849, 849)	7.111467339502679
  (850, 850)	6.418320158942733
  (851, 851)	6.012855050834569
  (852, 852)	6.706002231394514
  (853, 853)	6.706002231394514
  (854, 854)	5.725172978382788
  (855, 855)	6.418320158942733
  (856, 856)	6.418320158942733
  (857, 857)	7.111467339502679
  (858, 858)	7.111467339502679
  (859, 859)	7.111467339502679
  (860, 860)	7.111467339502679
  (861, 861)	6.418320158942733
  (862, 862)	6.706002231394514
  (863, 863)	7.111467339502679
  (864, 864)	7.111467339502679
  (865, 865)	6.706002231394514
  (866, 866)	6.418320158942733
  (867, 867)	7.111467339502679
  (868, 868)	7.111467339502679
  (869, 869)	7.111467339502679
  (870, 870)	7.111467339502679
  (871, 871)	7.111467339502679
  (872, 872)	7.111467339502679
  (873, 873)	7.111467339502679
  (874, 874)	6.706002231394514
  (875, 875)	7.111467339502679
  (876, 876)	7.111467339502679
  (877, 877)	7.111467339502679
  (878, 878)	7.111467339502679
  (879, 879)	7.111467339502679
  (880, 880)	6.706002231394514
  (881, 881)	7.111467339502679
  (882, 882)	7.111467339502679
  (883, 883)	7.111467339502679
  (884, 884)	5.858704371007311
  (885, 885)	6.706002231394514
  (886, 886)	7.111467339502679
  (887, 887)	6.706002231394514
  (888, 888)	7.111467339502679
  (889, 889)	7.111467339502679
  (890, 890)	5.858704371007311
  (891, 891)	7.111467339502679
  (892, 892)	6.706002231394514
  (893, 893)	6.706002231394514
  (894, 894)	7.111467339502679
  (895, 895)	6.706002231394514
  (896, 896)	6.418320158942733
  (897, 897)	5.0965643189604135
  (898, 898)	6.418320158942733
  (899, 899)	5.0965643189604135
  (900, 900)	6.418320158942733
  (901, 901)	5.607389942726404
  (902, 902)	7.111467339502679
  (903, 903)	5.858704371007311
  (904, 904)	7.111467339502679
  (905, 905)	5.858704371007311
  (906, 906)	7.111467339502679
  (907, 907)	7.111467339502679
  (908, 908)	7.111467339502679
  (909, 909)	7.111467339502679
  (910, 910)	7.111467339502679
  (911, 911)	6.706002231394514
  (912, 912)	6.706002231394514
  (913, 913)	7.111467339502679
  (914, 914)	6.706002231394514
  (915, 915)	7.111467339502679
  (916, 916)	5.502029427068578
  (917, 917)	5.319707870274623
  (918, 918)	6.418320158942733
  (919, 919)	7.111467339502679
  (920, 920)	6.1951766076285235
  (921, 921)	5.858704371007311
  (922, 922)	7.111467339502679
  (923, 923)	7.111467339502679
  (924, 924)	7.111467339502679
  (925, 925)	7.111467339502679
  (926, 926)	5.858704371007311
  (927, 927)	6.706002231394514
  (928, 928)	7.111467339502679
  (929, 929)	7.111467339502679
  (930, 930)	7.111467339502679
  (931, 931)	6.706002231394514
  (932, 932)	7.111467339502679
  (933, 933)	7.111467339502679
  (934, 934)	7.111467339502679
  (935, 935)	7.111467339502679
  (936, 936)	6.706002231394514
  (937, 937)	6.706002231394514
  (938, 938)	7.111467339502679
  (939, 939)	6.706002231394514
  (940, 940)	5.406719247264253
  (941, 941)	7.111467339502679
  (942, 942)	7.111467339502679
  (943, 943)	6.418320158942733
  (944, 944)	7.111467339502679
  (945, 945)	6.012855050834569
  (946, 946)	7.111467339502679
  (947, 947)	7.111467339502679
  (948, 948)	6.706002231394514
  (949, 949)	6.1951766076285235
  (950, 950)	7.111467339502679
  (951, 951)	5.319707870274623
  (952, 952)	7.111467339502679
  (953, 953)	6.418320158942733
  (954, 954)	5.607389942726404
  (955, 955)	7.111467339502679
  (956, 956)	6.418320158942733
  (957, 957)	6.1951766076285235
  (958, 958)	7.111467339502679
  (959, 959)	6.1951766076285235
  (960, 960)	7.111467339502679
  (961, 961)	7.111467339502679
  (962, 962)	6.706002231394514
  (963, 963)	7.111467339502679
  (964, 964)	7.111467339502679
  (965, 965)	6.706002231394514
  (966, 966)	6.706002231394514
  (967, 967)	6.706002231394514
  (968, 968)	7.111467339502679
  (969, 969)	7.111467339502679
  (970, 970)	5.858704371007311
  (971, 971)	6.1951766076285235
  (972, 972)	7.111467339502679
  (973, 973)	5.239665162601087
  (974, 974)	6.706002231394514
  (975, 975)	7.111467339502679
  (976, 976)	5.239665162601087
  (977, 977)	7.111467339502679
  (978, 978)	6.706002231394514
  (979, 979)	4.221095581606514
  (980, 980)	6.706002231394514
  (981, 981)	7.111467339502679
  (982, 982)	6.706002231394514
  (983, 983)	7.111467339502679
  (984, 984)	6.706002231394514
  (985, 985)	6.706002231394514
  (986, 986)	7.111467339502679
  (987, 987)	5.239665162601087
  (988, 988)	6.418320158942733
  (989, 989)	7.111467339502679
  (990, 990)	6.706002231394514
  (991, 991)	7.111467339502679
  (992, 992)	7.111467339502679
  (993, 993)	7.111467339502679
  (994, 994)	7.111467339502679
  (995, 995)	4.24926645857321
  (996, 996)	7.111467339502679
  (997, 997)	6.706002231394514
  (998, 998)	4.760092082339201
  (999, 999)	6.012855050834569
  (1000, 1000)	6.706002231394514
  (1001, 1001)	6.706002231394514
  (1002, 1002)	6.706002231394514
  (1003, 1003)	6.012855050834569
  (1004, 1004)	7.111467339502679
  (1005, 1005)	6.706002231394514
  (1006, 1006)	6.418320158942733
  (1007, 1007)	4.860175540896183
  (1008, 1008)	7.111467339502679
  (1009, 1009)	7.111467339502679
  (1010, 1010)	7.111467339502679
  (1011, 1011)	7.111467339502679
  (1012, 1012)	7.111467339502679
  (1013, 1013)	7.111467339502679
  (1014, 1014)	6.706002231394514
  (1015, 1015)	6.706002231394514
  (1016, 1016)	6.012855050834569
  (1017, 1017)	7.111467339502679
  (1018, 1018)	6.706002231394514
  (1019, 1019)	6.706002231394514
  (1020, 1020)	6.706002231394514
  (1021, 1021)	4.760092082339201
  (1022, 1022)	7.111467339502679
  (1023, 1023)	6.1951766076285235
  (1024, 1024)	7.111467339502679
  (1025, 1025)	7.111467339502679
  (1026, 1026)	7.111467339502679
  (1027, 1027)	7.111467339502679
  (1028, 1028)	7.111467339502679
  (1029, 1029)	7.111467339502679
  (1030, 1030)	7.111467339502679
  (1031, 1031)	4.585738695194423
  (1032, 1032)	7.111467339502679
  (1033, 1033)	7.111467339502679
  (1034, 1034)	7.111467339502679
  (1035, 1035)	6.706002231394514
  (1036, 1036)	6.706002231394514
  (1037, 1037)	7.111467339502679
  (1038, 1038)	7.111467339502679
  (1039, 1039)	7.111467339502679
  (1040, 1040)	6.706002231394514
  (1041, 1041)	6.706002231394514
  (1042, 1042)	7.111467339502679
  (1043, 1043)	7.111467339502679
  (1044, 1044)	5.165557190447365
  (1045, 1045)	7.111467339502679
  (1046, 1046)	6.706002231394514
  (1047, 1047)	5.607389942726404
  (1048, 1048)	6.1951766076285235
  (1049, 1049)	7.111467339502679
  (1050, 1050)	7.111467339502679
  (1051, 1051)	7.111467339502679
  (1052, 1052)	6.418320158942733
  (1053, 1053)	7.111467339502679
  (1054, 1054)	7.111467339502679
  (1055, 1055)	7.111467339502679
  (1056, 1056)	6.1951766076285235
  (1057, 1057)	7.111467339502679
  (1058, 1058)	7.111467339502679
  (1059, 1059)	7.111467339502679
  (1060, 1060)	6.012855050834569
  (1061, 1061)	6.706002231394514
  (1062, 1062)	7.111467339502679
  (1063, 1063)	6.418320158942733
  (1064, 1064)	7.111467339502679
  (1065, 1065)	6.418320158942733
  (1066, 1066)	7.111467339502679
  (1067, 1067)	6.706002231394514
  (1068, 1068)	7.111467339502679
  (1069, 1069)	6.012855050834569
  (1070, 1070)	6.706002231394514
  (1071, 1071)	7.111467339502679
  (1072, 1072)	7.111467339502679
  (1073, 1073)	6.418320158942733
  (1074, 1074)	6.706002231394514
  (1075, 1075)	6.1951766076285235
  (1076, 1076)	7.111467339502679
  (1077, 1077)	7.111467339502679
  (1078, 1078)	7.111467339502679
  (1079, 1079)	7.111467339502679
  (1080, 1080)	6.012855050834569
  (1081, 1081)	6.706002231394514
  (1082, 1082)	7.111467339502679
  (1083, 1083)	7.111467339502679
  (1084, 1084)	7.111467339502679
  (1085, 1085)	5.239665162601087
  (1086, 1086)	7.111467339502679
  (1087, 1087)	7.111467339502679
  (1088, 1088)	7.111467339502679
  (1089, 1089)	4.6691203041334735
  (1090, 1090)	7.111467339502679
  (1091, 1091)	6.706002231394514
  (1092, 1092)	7.111467339502679
  (1093, 1093)	7.111467339502679
  (1094, 1094)	6.706002231394514
  (1095, 1095)	5.032025797822842
  (1096, 1096)	7.111467339502679
  (1097, 1097)	7.111467339502679
  (1098, 1098)	6.012855050834569
  (1099, 1099)	7.111467339502679
  (1100, 1100)	6.1951766076285235
  (1101, 1101)	5.607389942726404
  (1102, 1102)	7.111467339502679
  (1103, 1103)	6.706002231394514
  (1104, 1104)	7.111467339502679
  (1105, 1105)	6.012855050834569
  (1106, 1106)	7.111467339502679
  (1107, 1107)	7.111467339502679
  (1108, 1108)	7.111467339502679
  (1109, 1109)	6.706002231394514
  (1110, 1110)	7.111467339502679
  (1111, 1111)	6.012855050834569
  (1112, 1112)	5.858704371007311
  (1113, 1113)	6.1951766076285235
  (1114, 1114)	5.607389942726404